label,★PseAAC A,★PseAAC C,★PseAAC D,★PseAAC E,★PseAAC F,★PseAAC G,★PseAAC H,★PseAAC I,★PseAAC K,★PseAAC L,★PseAAC M,★PseAAC N,★PseAAC P,★PseAAC Q,★PseAAC R,★PseAAC S,★PseAAC T,★PseAAC V,★PseAAC W,★PseAAC Y,★PseAAC Y_A,★PseAAC V43
1,6.442,1.356,3.39,4.408,2.712,11.188,2.712,3.051,3.729,6.103,1.017,2.712,3.729,3.729,4.068,8.815,6.781,4.408,2.034,3.39,7.281,6.942
1,5.668,1.667,3.001,3.001,2.334,11.003,1,4.001,5.002,4.668,2.334,0.333,3.668,4.335,4.335,13.004,7.002,4.001,2.001,4.335,6.776,6.531
1,4.813,1.719,3.782,3.094,2.75,12.72,0.344,2.75,2.75,6.532,2.063,1.031,3.094,4.469,3.782,13.408,6.876,3.782,1.375,6.532,6.482,5.852
1,6.451,2.765,2.15,2.765,1.843,9.83,1.229,3.993,4.3,5.836,0.922,1.229,5.222,3.686,4.608,11.673,6.451,5.529,1.229,4.3,7.216,6.774
1,4.841,2.075,3.112,3.458,2.075,11.411,0.692,2.766,4.495,5.878,2.075,2.421,5.187,4.15,3.112,10.72,5.533,4.495,1.383,6.57,6.94,6.612
1,7.84,2.727,1.704,3.068,1.704,10.227,1.364,3.068,3.068,7.159,2.045,1.364,4.091,3.75,3.068,11.931,6.477,5.113,1.704,5.795,6.276,6.456
1,6.167,1.37,5.482,2.056,2.741,10.279,0,2.741,3.426,8.908,1.37,2.056,2.741,4.111,4.797,10.279,4.111,5.482,3.426,3.426,7.704,7.326
1,4.083,1.361,2.041,4.083,5.444,6.805,0.68,7.485,2.041,8.846,0.68,2.041,4.763,4.763,4.763,12.929,6.124,3.402,2.041,2.041,7.124,6.456
1,4.424,2.528,2.528,1.896,3.16,7.583,0.632,3.16,3.16,9.479,1.896,1.896,5.055,3.792,2.528,13.271,5.055,8.847,2.528,3.792,6.309,6.484
1,5.483,1.371,2.056,2.056,4.112,7.539,0,6.854,2.742,6.168,2.742,0,4.112,5.483,4.112,15.764,7.539,4.112,1.371,4.112,6.247,6.024
1,5.743,1.914,3.191,3.829,3.191,7.657,0.638,3.829,4.467,5.743,2.552,3.829,2.552,5.105,1.276,8.933,6.381,6.381,3.191,6.381,6.76,6.458
1,3.297,1.978,2.638,3.957,2.638,7.254,0,2.638,3.297,9.232,2.638,2.638,3.957,6.594,2.638,11.87,8.573,5.276,1.978,4.616,6.019,6.275
1,6.018,2.006,3.343,3.343,2.006,8.024,0,4.012,4.012,7.356,1.337,1.337,2.675,6.018,2.675,10.699,8.693,4.681,3.343,5.349,6.968,6.103
1,4.826,2.068,2.758,2.758,2.758,8.273,0.689,3.447,3.447,9.652,1.379,2.068,3.447,6.894,2.068,11.031,8.273,4.826,2.758,4.137,6.548,5.894
1,4.734,1.352,2.705,2.029,2.029,8.791,1.352,3.381,3.381,5.41,0.676,2.029,3.381,4.057,3.381,12.848,8.115,7.438,2.705,7.438,6.592,6.176
1,4.507,1.288,5.151,1.932,3.863,10.302,1.932,0.644,2.575,5.151,1.932,3.219,1.932,3.219,4.507,10.946,5.795,8.37,2.575,5.795,7.336,7.03
1,4.783,1.594,3.189,1.594,3.189,11.16,1.594,2.392,3.189,5.58,0.797,1.594,3.986,4.783,2.392,16.741,8.769,5.58,1.594,3.189,6.135,6.176
1,4.77,2.385,3.975,3.18,1.59,10.336,1.59,4.77,3.18,4.77,0,3.18,7.156,3.975,3.18,7.951,8.746,5.565,1.59,3.975,6.74,7.394
1,5.557,1.588,3.969,3.176,3.969,7.939,0,3.969,2.382,8.733,0,0.794,5.557,4.763,5.557,10.321,8.733,3.969,0.794,3.969,7.347,6.913
1,4.801,1.6,2.401,3.201,3.201,8.002,0,5.602,4.801,5.602,0.8,1.6,4.801,6.402,2.401,12.004,8.803,4.801,0.8,5.602,6.455,6.318
1,3.882,2.329,4.659,3.106,2.329,7.764,2.329,3.106,3.106,8.541,1.553,0.776,7.764,3.882,3.882,10.094,6.988,3.882,0.776,4.659,7.456,7.135
1,4.034,1.614,3.227,2.421,2.421,11.296,1.614,0.807,2.421,9.682,0,2.421,5.648,5.648,2.421,8.068,12.103,6.455,1.614,4.034,5.824,6.23
1,6.115,1.359,3.397,4.076,3.397,8.832,0.679,5.435,2.718,4.756,0.679,2.718,4.756,3.397,3.397,9.512,8.153,6.115,2.718,3.397,7.167,7.228
1,7.791,2.597,2.597,3.246,1.948,9.739,1.299,1.948,1.948,4.545,1.299,1.948,2.597,4.545,5.194,7.142,9.09,5.844,3.246,5.844,7.885,7.708
1,6.78,2.712,3.39,3.39,3.39,7.458,0.678,2.712,4.068,4.068,0.678,0,4.068,6.102,4.068,12.204,6.78,6.102,2.712,4.068,7.261,7.308
1,3.487,1.395,2.789,2.092,0.697,9.065,0,4.184,3.487,9.065,0,4.184,3.487,5.579,3.487,13.249,7.671,4.881,4.184,3.487,7.068,6.463
1,4.821,1.377,3.443,2.755,3.443,8.264,0.689,2.066,3.443,2.755,2.755,2.066,4.821,4.132,4.132,11.018,8.952,6.198,2.755,5.509,7.69,6.917
1,4.687,1.339,2.678,4.017,3.348,9.373,0.67,1.339,3.348,5.356,2.009,1.339,3.348,4.017,4.017,8.704,8.704,8.034,2.678,6.695,7.619,6.684
1,5.751,2.266,2.614,5.751,2.788,9.237,2.091,5.751,5.926,7.32,2.44,3.486,2.44,3.311,2.614,4.531,8.017,6.274,1.743,1.569,7.094,6.985
1,3.635,1.454,3.635,2.908,3.635,6.543,0.727,4.362,2.181,6.543,0.727,3.635,2.908,3.635,4.362,11.632,9.451,5.816,2.908,5.089,7.183,7.035
1,6.579,1.645,3.838,3.289,3.838,6.579,2.193,3.289,5.482,7.675,1.096,3.838,3.289,6.579,2.741,9.32,5.482,5.482,0.548,3.289,6.785,7.143
1,2.725,4.088,3.407,4.769,2.725,4.315,1.817,1.136,6.132,6.132,0.908,3.179,10.901,2.725,2.952,9.311,7.495,7.495,1.136,2.271,7.274,7.107
1,3.402,2.355,3.402,4.448,2.617,4.71,2.355,1.308,7.327,6.803,0.523,3.925,8.112,2.878,1.57,10.205,6.803,9.158,1.308,3.14,6.979,6.671
1,4.238,1.413,4.944,6.356,3.531,2.825,2.825,3.531,5.65,9.182,1.413,3.531,3.531,2.119,4.238,9.182,3.531,6.356,1.413,4.238,8.417,7.536
1,7.529,1.412,3.059,5.177,3.529,8.941,1.882,1.647,3.294,12.235,0.941,2.353,6.588,3.529,4,6.824,3.765,4.471,3.059,1.647,7.404,6.713
1,3.746,1.703,4.087,3.746,3.746,5.108,3.065,4.427,4.768,9.536,1.362,3.406,5.108,5.449,3.746,7.492,4.087,5.108,2.724,2.384,7.546,7.655
1,3.851,1.604,4.172,2.246,3.851,3.209,3.851,3.209,4.172,8.985,1.925,3.53,4.172,5.776,4.493,9.306,6.418,5.134,2.567,3.209,6.989,7.33
1,4.7,1.469,3.231,4.993,2.35,3.818,4.406,4.7,4.406,9.693,1.175,4.112,4.7,3.525,3.231,7.343,7.049,6.756,1.762,2.644,6.976,6.962
1,4.061,1.496,2.778,5.771,3.42,5.771,2.137,3.42,3.206,8.763,0.855,2.992,5.557,4.702,3.633,10.045,5.771,7.053,1.924,2.992,6.706,6.949
1,3.698,1.681,5.043,3.362,4.37,4.034,2.689,3.026,5.715,9.413,1.009,3.026,3.698,4.034,3.362,9.077,5.715,6.387,2.689,3.362,7.288,7.322
1,6.041,1.647,4.119,3.57,2.471,3.844,2.471,4.119,3.844,7.688,2.197,5.492,6.59,5.217,3.02,7.414,7.139,6.315,1.373,2.197,6.588,6.645
1,3.222,1.611,2.301,6.443,2.992,5.523,2.761,2.761,4.833,11.736,0.92,2.992,3.452,4.372,4.372,7.134,6.904,6.443,2.531,2.761,6.839,7.095
1,4.802,2.911,3.493,5.821,2.765,8.004,3.347,3.784,5.094,6.694,3.493,3.056,3.202,2.037,3.929,4.511,7.276,7.131,1.746,2.037,7.547,7.318
1,4.981,2.93,3.37,5.86,2.784,7.032,3.37,4.102,6.007,8.058,2.344,2.344,2.93,3.223,2.784,4.102,10.109,6.3,1.758,1.319,7.199,7.093
1,5.653,2.423,4.038,5.653,3.231,3.231,1.615,0.808,6.461,6.461,0,4.038,4.038,4.846,2.423,12.922,6.461,8.076,0.808,3.231,6.764,6.819
1,4.495,1.284,3.853,2.568,2.568,8.989,0.642,1.926,2.568,4.495,1.926,1.284,3.853,5.137,6.421,10.916,7.063,7.063,3.211,4.495,7.565,7.677
1,8.41,2.194,2.925,3.656,1.828,5.85,1.097,2.56,4.388,8.044,1.097,2.56,5.485,4.022,1.463,12.798,6.947,6.216,2.194,3.656,5.921,6.689
1,5.957,1.862,2.979,1.862,2.234,8.936,1.862,1.862,5.213,5.585,1.117,3.351,4.84,2.979,2.606,11.543,6.702,8.191,2.234,4.468,6.878,6.739
1,5.143,1.469,3.673,3.673,2.939,7.347,0.735,2.939,5.143,5.143,1.469,1.469,3.673,5.878,3.673,12.49,5.878,5.878,2.939,4.408,7.47,6.572
1,7.997,1.454,2.181,3.635,3.635,9.451,0.727,2.908,2.908,7.27,0,4.362,5.089,3.635,2.908,6.543,12.359,5.816,2.181,2.181,6.056,6.703
1,3.55,1.42,4.26,2.84,4.26,8.52,0.71,2.84,4.26,7.81,0,2.84,4.97,4.26,4.26,12.07,5.68,6.39,0.71,3.55,7.5,7.298
1,5.936,1.484,5.936,1.484,3.71,6.678,1.484,4.452,4.452,5.194,1.484,2.226,3.71,5.936,3.71,8.903,8.903,5.936,1.484,2.968,6.814,7.12
1,5.115,1.279,7.033,3.197,3.836,8.952,0,1.918,3.836,5.755,2.558,1.918,3.836,2.558,4.476,10.87,6.394,5.115,1.918,5.115,7.188,7.131
1,6.028,1.34,5.358,3.349,2.679,7.368,1.34,2.679,5.358,6.028,0,0.67,2.679,4.019,2.679,12.056,7.368,6.028,2.009,6.698,7.353,6.914
1,5.901,1.18,2.95,3.54,4.72,7.671,1.18,2.36,3.54,4.13,2.95,1.77,2.36,4.72,2.36,10.031,10.031,8.851,2.95,4.13,6.394,6.278
1,5.687,1.428,3.307,6.012,2.505,6.889,1.653,5.411,5.336,7.916,3.232,3.482,3.683,2.53,4.96,4.785,6.664,5.411,2.255,1.804,7.451,7.6
2,6.612,1.322,2.645,1.983,4.628,8.595,1.322,2.645,3.967,7.273,1.322,3.306,3.306,3.967,3.967,11.901,3.306,6.612,2.645,4.628,7.234,6.816
2,4.2,1.4,2.1,2.1,2.1,7.7,2.1,4.2,2.1,7.7,1.4,4.2,4.2,4.2,2.1,13.3,7.7,7,2.8,4.9,6.282,6.221
2,3.145,1.573,4.718,2.359,2.359,7.863,0.786,2.359,2.359,4.718,1.573,4.718,4.718,4.718,3.145,16.513,7.077,6.291,1.573,4.718,6.282,6.436
2,3.958,1.319,2.639,2.639,3.299,7.917,0.66,5.278,3.299,6.597,0.66,1.979,5.278,5.938,5.278,9.896,5.938,5.938,3.299,3.958,7.219,7.016
2,1.508,1.508,4.523,2.262,3.015,8.293,0.754,3.769,3.015,5.277,1.508,1.508,6.031,6.031,5.277,12.062,5.277,7.539,2.262,3.769,7.297,7.516
2,5.527,3.158,3.158,0.79,2.369,10.265,2.369,2.369,2.369,6.317,0,6.317,6.317,5.527,4.738,7.896,6.317,4.738,1.579,2.369,7.607,7.906
2,4.6,1.533,3.833,2.3,3.067,7.666,0,3.067,3.833,6.9,0.767,3.067,3.833,7.666,3.067,12.266,6.9,5.366,1.533,6.133,6.097,6.506
2,5.905,1.312,3.937,2.624,1.968,9.186,0.656,1.968,1.968,8.53,1.312,4.593,1.968,2.624,4.593,12.466,4.593,5.905,3.281,6.561,7.365,6.684
2,6.446,1.611,4.834,3.223,1.611,8.863,0,3.223,1.611,5.64,0,4.029,4.029,5.64,4.029,12.892,6.446,6.446,0.806,5.64,6.571,6.41
2,7.042,1.565,3.912,3.13,1.565,9.389,2.347,2.347,3.13,8.606,0.782,1.565,3.912,6.259,2.347,12.518,7.042,4.694,1.565,3.912,6.186,6.186
2,5.66,1.617,2.426,3.234,2.426,11.319,1.617,2.426,4.043,8.894,0,0.809,5.66,4.851,1.617,9.702,10.511,6.468,1.617,3.234,5.946,5.925
2,3.463,1.385,3.463,3.463,2.078,8.311,1.385,2.77,2.078,6.926,2.77,0.693,3.463,4.155,4.848,12.466,8.311,6.233,2.77,5.541,7.075,6.354
2,4.663,1.998,5.329,1.998,1.332,4.663,0.666,2.664,3.997,7.327,2.664,1.332,3.331,3.331,4.663,8.659,11.99,5.995,2.664,5.995,7.385,7.353
2,5.555,1.587,4.762,2.381,1.587,9.523,1.587,3.174,3.174,5.555,0,2.381,4.762,4.762,3.174,11.111,6.349,9.523,1.587,3.968,6.736,6.76
2,5.745,1.436,3.59,5.745,2.154,8.617,0.718,2.154,5.027,4.308,1.436,1.436,2.872,3.59,1.436,12.207,5.027,7.181,2.872,8.617,7.214,6.618
2,4.694,1.341,5.364,3.353,2.682,8.717,0.671,4.023,4.023,4.694,2.012,1.341,2.682,3.353,2.682,12.07,5.364,5.364,3.353,7.376,7.702,7.139
2,5.395,1.349,4.721,2.698,2.698,8.093,1.349,2.023,2.023,5.395,0,2.023,4.721,6.07,4.047,9.442,10.116,6.744,2.698,4.047,7.076,7.271
2,4.802,1.372,4.116,3.43,2.744,7.546,0.686,4.116,3.43,8.918,0.686,3.43,2.744,4.116,2.058,13.72,5.488,6.174,2.744,4.116,6.992,6.574
2,3.562,1.781,3.562,3.919,2.494,13.537,0.712,2.85,3.562,5.343,0.712,1.781,2.494,4.275,2.85,13.18,7.837,6.056,2.137,4.631,6.512,6.213
2,7.511,1.366,3.414,2.731,2.048,8.194,0.683,2.731,2.731,4.78,1.366,4.78,2.731,4.78,5.463,6.145,8.877,6.828,2.048,6.828,6.792,7.171
2,6.84,1.368,4.788,2.736,4.788,8.892,0,2.736,3.42,6.156,1.368,3.42,2.052,4.788,6.156,7.524,6.84,6.156,2.052,2.052,8.732,7.132
2,8.367,1.394,4.183,2.789,2.789,11.156,0.697,2.789,2.789,5.578,1.394,2.789,2.789,6.275,5.578,8.367,4.881,5.578,1.394,4.183,7.329,6.91
2,7.028,1.406,3.514,4.217,2.108,9.839,1.406,0.703,2.108,7.731,0.703,2.811,1.406,5.622,4.919,9.839,8.433,4.919,1.406,6.325,7.031,6.527
2,5.749,1.437,3.593,2.875,1.437,6.468,0.719,3.593,4.312,5.749,2.875,2.156,3.593,5.031,3.593,10.061,8.624,9.343,2.156,2.875,7.113,6.646
2,4.985,1.424,2.848,4.273,2.136,9.969,0,3.561,3.561,3.561,2.848,2.136,2.136,3.561,4.985,9.257,7.833,8.545,2.136,5.697,7.217,7.33
2,5.454,1.363,5.454,3.409,2.045,9.544,0.682,2.727,3.409,6.817,1.363,2.045,1.363,2.045,3.409,10.226,8.181,6.817,2.727,6.817,7.308,6.795
2,5.254,3.284,5.911,2.627,1.97,8.538,0.657,3.284,1.97,7.225,0,1.97,6.568,5.254,4.598,9.852,7.225,3.941,1.314,3.941,6.989,7.627
2,4.993,1.248,2.496,2.496,1.872,9.985,0.624,3.12,4.369,7.489,0,2.496,4.993,2.496,1.872,13.106,6.241,8.737,4.993,3.12,6.731,6.522
2,5.268,1.317,3.293,4.61,2.634,9.878,0,1.976,2.634,7.903,1.317,1.976,1.317,5.268,5.927,10.537,4.61,6.586,2.634,5.268,7.511,7.535
2,4.427,1.476,5.165,3.689,3.689,6.641,0,4.427,4.427,7.379,2.214,1.476,4.427,4.427,3.689,11.068,6.641,4.427,0.738,5.165,7.235,7.17
2,5.053,1.805,3.248,2.527,2.166,8.663,1.083,1.444,4.692,5.414,1.444,2.527,4.692,3.97,2.527,11.55,7.58,9.024,2.166,5.053,6.752,6.622
2,6.765,1.99,3.582,3.184,1.99,7.959,0.796,2.388,5.174,5.969,0,2.388,6.367,4.378,1.592,13.133,8.357,6.367,1.592,3.184,6.047,6.798
2,3.216,3.644,6.003,3.43,4.073,9.004,0.643,5.788,4.502,3.216,1.072,4.502,4.288,1.501,4.288,9.004,4.931,5.359,3.001,2.144,8.795,7.597
2,3.994,1.598,4.793,3.595,3.595,5.192,1.598,3.195,5.991,5.991,1.198,3.994,4.393,3.595,2.796,12.382,9.186,4.393,1.598,3.595,6.528,6.801
2,5.147,1.47,1.47,6.985,2.941,5.882,3.676,3.676,4.779,6.985,0.735,5.882,4.779,1.47,4.779,9.558,3.676,4.044,2.573,4.411,7.545,7.536
2,4.934,1.762,3.524,3.877,2.115,9.163,3.172,1.762,3.524,6.696,1.41,2.467,3.877,3.524,2.467,12.688,5.991,9.163,1.762,3.172,6.589,6.359
2,3.668,3.884,4.747,4.531,1.942,6.473,1.51,5.394,3.452,3.884,1.079,5.61,4.747,1.726,5.178,7.551,6.473,4.962,3.021,3.884,8.348,7.94
2,2.382,1.588,6.353,3.97,3.97,6.353,0.794,5.559,1.588,8.735,0,3.97,2.382,5.559,3.176,11.911,9.529,2.382,0.794,5.559,7.159,6.284
2,5.626,0.866,9.521,7.357,4.328,7.79,1.298,2.164,5.193,9.953,0.866,1.731,6.059,2.164,4.76,3.462,4.328,3.895,0.433,2.597,7.683,7.929
2,7.261,1.98,1.98,3.301,4.621,4.621,3.301,6.601,2.64,7.921,3.301,4.621,6.601,2.64,1.98,5.941,5.941,8.582,1.32,2.64,6.064,6.139
2,6.034,1.006,4.023,6.034,3.017,6.705,1.006,4.861,3.185,5.364,3.688,4.19,2.85,3.352,8.884,6.872,5.029,3.855,1.006,2.514,8.223,8.302
2,4.959,0.992,3.372,6.745,3.372,6.943,1.984,1.785,2.38,10.117,1.19,1.785,7.141,4.166,6.546,7.141,3.967,5.753,1.984,2.182,7.778,7.717
2,5.367,0.925,3.331,7.033,3.146,6.663,1.851,1.666,2.221,9.624,1.11,1.666,7.588,4.812,6.478,6.848,3.887,5.923,2.036,2.406,7.773,7.646
2,5.705,0.713,9.27,4.991,1.426,6.418,4.278,7.131,2.852,9.27,3.565,1.426,2.139,2.139,7.844,4.278,4.278,4.278,0,2.139,7.703,8.154
2,12.231,3.219,6.437,5.794,1.287,9.012,2.575,1.287,1.287,5.15,0.644,1.287,5.794,3.219,9.012,5.794,1.931,3.862,1.931,0,8.924,9.323
2,9.57,2.552,7.656,7.018,3.19,3.828,1.914,3.828,2.552,5.104,1.914,1.914,8.294,1.914,7.656,3.19,2.552,4.466,1.914,1.276,8.719,8.979
2,17.891,1.851,6.786,4.318,1.851,4.935,2.468,2.468,0,6.786,3.085,1.234,4.318,2.468,7.403,1.234,6.786,4.935,0.617,2.468,8.123,7.976
2,12.56,1.538,8.459,4.614,1.538,5.127,3.332,3.332,1.025,6.921,2.563,0.769,6.152,0.769,6.408,3.076,5.383,7.434,1.538,1.025,7.972,8.465
2,16.258,2.903,2.903,5.807,2.903,6.968,3.484,1.742,3.484,4.065,1.742,1.161,5.226,4.645,5.807,2.323,5.807,5.226,0.581,1.742,7.815,7.409
2,8.918,3.716,2.973,4.459,0.743,5.945,5.945,2.973,0,8.918,1.486,1.486,4.459,5.945,9.661,2.973,6.688,4.459,0,2.229,7.91,8.115
2,4.463,5.207,3.719,8.927,2.232,6.695,2.976,1.488,0.744,8.927,2.976,2.232,6.695,0.744,7.439,4.463,5.951,4.463,1.488,0.744,8.779,8.649
2,15.527,2.47,10.587,3.176,0.353,5.646,3.882,2.117,1.059,5.646,0.706,0.353,7.058,3.176,7.764,3.176,4.94,2.823,1.412,1.764,8.147,8.217
2,8.926,3.967,4.959,4.959,0.992,8.926,0,4.959,2.975,4.959,1.984,0.992,9.918,1.984,6.942,3.967,2.975,4.959,0.992,2.975,8.869,7.822
2,13.778,1.531,4.21,5.358,0.765,9.185,2.679,4.593,0.383,8.803,1.531,1.914,5.741,2.679,8.037,3.062,5.358,5.358,0,0.383,7.12,7.533
2,7.623,4.574,4.574,4.574,2.287,8.385,3.049,2.287,0.762,6.098,0.762,0,6.098,3.049,8.385,3.811,5.336,6.098,3.049,2.287,8.523,8.39
2,13.215,3.524,7.048,2.643,0.881,5.286,4.405,4.405,1.762,6.167,0.881,3.524,8.81,1.762,7.929,0.881,6.167,3.524,0,0.881,7.935,8.37
2,5.233,4.486,3.738,7.476,2.243,5.981,2.243,2.991,0.748,5.981,1.495,3.738,7.476,0,6.729,2.243,6.729,8.972,1.495,2.991,8.971,8.042
2,4.004,4.672,7.341,4.004,2.002,7.341,5.339,2.002,0,8.676,2.67,1.335,6.007,1.335,9.344,3.337,4.672,4.672,0.667,2.002,9.225,9.352
2,11.878,3.615,7.747,5.681,2.582,7.747,2.066,5.164,0,4.648,1.549,2.066,7.747,2.066,4.648,5.681,5.164,2.066,0,2.066,7.738,8.083
2,10.972,7.98,3.491,5.486,0.997,6.982,2.992,1.496,3.491,2.992,0.997,1.496,11.471,1.995,5.486,4.489,4.987,3.99,0,1.995,8.428,7.783
2,4.47,3.725,3.725,8.939,1.49,7.449,7.449,2.98,0.745,8.939,1.49,0,6.704,1.49,7.449,1.49,4.47,5.214,1.49,2.98,8.832,8.482
2,13.395,2.551,8.292,2.551,2.551,6.378,1.914,3.827,1.276,7.654,0.638,0.638,7.654,1.914,7.654,2.551,3.827,5.103,1.276,1.276,8.715,8.365
2,15.821,2.637,5.801,6.329,2.11,6.329,2.11,1.055,0,5.274,2.637,1.055,6.329,1.582,7.383,1.582,4.746,6.329,1.055,3.164,8.713,7.961
2,9.297,3.425,9.297,4.893,1.957,5.872,2.447,2.447,1.468,8.808,1.957,1.468,5.872,0.979,7.829,0.979,6.85,5.382,0.979,0.979,8.703,8.115
2,10.795,0.72,7.916,5.757,2.159,6.477,4.318,5.757,3.598,9.356,2.879,0.72,4.318,2.879,4.318,2.159,5.038,4.318,0,2.159,6.968,7.391
2,8.785,2.027,6.758,6.758,2.703,7.434,1.352,2.703,3.379,4.055,2.703,2.027,4.731,3.379,6.082,4.731,4.055,6.082,2.027,1.352,8.387,8.491
2,8.746,6.803,5.831,1.944,0.972,6.803,4.859,1.944,0.972,3.887,1.944,2.915,10.69,5.831,3.887,1.944,9.718,1.944,0.972,0.972,8.144,8.279
2,12.157,6.079,4.559,3.039,1.52,7.598,1.52,6.079,1.52,3.039,1.52,1.52,6.079,1.52,4.559,7.598,6.079,6.079,1.52,1.52,7.304,7.594
2,3.834,3.195,4.473,7.029,1.917,8.306,1.917,3.195,0.639,6.39,1.917,1.278,6.39,0.639,9.584,4.473,8.306,7.667,1.278,1.278,8.131,8.166
2,8.059,2.931,7.326,3.663,1.465,6.594,3.663,2.931,1.465,5.861,4.396,4.396,5.861,0.733,5.861,4.396,6.594,3.663,2.931,0.733,8.531,7.948
2,9.881,2.86,4.941,4.941,1.3,6.761,2.34,5.201,2.08,9.101,2.08,1.3,4.941,1.82,5.201,5.721,5.201,6.761,0.78,1.82,7.521,7.447
2,9.628,5.777,4.814,0.963,0.963,6.74,2.888,2.888,0.963,8.665,1.926,1.926,7.702,5.777,4.814,2.888,13.479,2.888,0,0,7.172,7.139
2,11.503,4.793,3.355,5.752,0.959,6.71,1.917,1.917,0.479,7.669,1.438,1.438,7.669,2.397,9.107,5.272,5.272,4.793,0,0.959,8.408,8.194
2,11.658,2.915,3.643,5.1,2.186,10.929,0,2.915,0,8.015,2.915,0.729,3.643,1.457,7.286,8.015,2.186,8.015,3.643,0.729,6.87,7.152
2,13.018,3.004,6.008,6.008,2.003,6.676,4.339,3.004,0.334,6.008,1.001,1.001,5.007,2.67,7.677,1.669,5.674,7.343,0.334,1.001,8.172,8.047
2,14.11,3.799,5.969,4.884,0.543,10.311,2.713,1.085,1.085,5.969,1.085,1.085,9.226,4.341,7.598,3.256,3.799,1.628,0.543,0,8.283,8.687
2,10.578,2.034,6.51,5.289,2.441,7.73,2.441,3.662,0.407,6.917,2.441,1.221,4.882,3.662,6.51,4.475,6.917,3.255,1.221,2.441,7.059,7.907
2,7.968,6.374,3.187,1.594,0,9.561,1.594,1.594,1.594,7.968,3.187,0,9.561,1.594,6.374,7.968,4.781,7.968,1.594,0,7.224,8.319
2,5.995,3.747,5.246,4.496,2.997,8.992,3.747,2.997,0,8.243,2.248,0,5.995,1.499,7.494,6.744,2.997,7.494,1.499,0.749,8.289,8.531
2,1.501,3.751,5.252,10.504,2.251,9.003,2.251,2.251,0,8.253,2.251,0,6.002,2.251,6.002,6.002,4.502,6.753,2.251,3.001,8.037,7.932
2,10.756,0.717,7.887,5.736,2.151,5.019,2.868,6.453,2.868,6.453,1.434,0.717,4.302,5.019,5.736,2.868,4.302,7.887,0,2.151,7.197,7.475
2,10.226,3.008,10.226,5.414,1.805,6.015,4.211,1.805,1.805,7.82,1.203,1.203,7.82,1.203,5.414,2.406,4.812,3.609,1.203,1.203,8.612,8.976
2,11.053,1.263,7.263,5.053,1.263,5.369,1.895,4.421,1.263,7.579,1.579,1.579,8.527,3.474,7.895,2.526,3.158,5.369,1.895,0.947,8.278,8.35
2,10.03,0.716,8.597,5.731,2.149,4.299,4.299,6.448,3.582,9.314,1.433,2.149,2.866,1.433,5.731,4.299,5.015,5.015,0,1.433,7.851,7.61
2,14.064,1.48,5.922,2.591,1.851,8.883,3.331,2.961,1.11,6.662,1.851,0.37,6.662,2.221,7.032,4.441,4.441,7.032,0.37,1.11,7.683,7.933
2,9.232,3.258,5.974,4.345,2.715,7.06,4.888,3.802,0.543,8.689,1.086,1.086,10.318,3.258,3.802,3.258,8.146,3.258,0.543,1.086,6.678,6.973
2,8.431,3.513,6.323,5.621,3.513,5.621,2.108,2.108,0.703,4.918,2.81,1.405,4.918,2.108,8.431,3.513,5.621,4.918,2.108,3.513,8.91,8.887
2,4.856,2.775,7.631,6.244,2.081,4.856,2.775,2.775,0.694,9.712,1.387,0,7.631,2.081,9.019,2.081,6.937,4.856,0.694,3.469,8.686,8.759
2,6.749,3.749,7.499,3.749,0,5.999,3.749,5.999,0.75,8.248,2.999,0.75,8.248,1.5,5.249,3.749,8.998,2.25,1.5,2.25,8.423,7.593
2,7.133,4.28,5.706,4.993,2.853,8.56,3.567,4.28,0.713,7.133,1.427,0,5.706,2.853,8.56,2.14,6.42,2.853,0.713,2.14,8.814,9.156
2,5.879,3.674,4.409,3.674,2.94,7.349,4.409,3.674,2.205,5.879,2.94,2.205,9.554,2.205,4.409,2.205,8.819,4.409,2.205,0.735,8.406,7.816
2,11.292,3.115,6.23,3.894,0.779,4.673,5.841,1.558,0.389,8.177,0.779,1.168,7.398,5.062,5.841,3.505,8.567,3.894,0.779,1.558,7.687,7.815
2,17.352,1.085,9.218,3.254,1.085,5.423,3.254,3.796,1.085,6.507,0.542,1.627,5.965,1.627,9.761,1.085,3.254,4.338,1.085,1.627,8.351,8.684
2,9.41,4.59,7.115,7.115,2.295,6.886,4.361,1.836,1.148,6.656,1.148,1.836,6.656,2.754,4.59,2.525,5.049,6.197,1.148,0.689,8.124,7.872
2,14.153,1.49,6.331,5.214,1.862,6.704,3.724,3.352,0.372,6.331,1.117,1.117,5.959,2.607,7.449,2.607,6.331,7.449,0.372,0,7.733,7.724
2,9.217,1.455,8.732,6.307,1.455,5.336,2.426,3.881,0.485,7.762,2.426,1.455,7.762,0.97,6.307,2.911,4.851,8.247,0.97,0.97,8.247,7.827
2,11.899,3.57,8.924,4.165,0.595,9.519,2.975,1.19,0.595,5.355,1.19,2.975,5.355,4.165,6.545,3.57,5.355,4.76,0.595,0.595,8.079,8.031
2,8.961,4.182,5.974,4.182,2.389,10.155,1.792,2.987,1.792,8.961,1.792,0,7.168,1.792,8.961,4.779,2.987,4.182,0,0.597,8.183,8.184
2,12.437,2.211,5.804,4.146,1.105,6.633,3.316,1.382,0.553,6.357,0.553,1.105,8.844,2.487,8.568,3.869,8.844,4.146,0.276,1.382,7.883,8.1
2,4.964,1.418,4.255,2.128,4.964,6.383,0,2.128,4.964,5.674,1.418,2.837,5.674,5.674,3.546,11.347,7.801,5.674,0.709,4.255,6.871,7.316
2,9.34,2.874,4.311,6.466,2.874,6.466,4.311,2.155,0.718,7.903,1.437,0.718,6.466,2.874,10.059,3.592,3.592,5.029,0.718,0,8.908,9.186
2,4.214,1.99,3.746,3.043,2.809,9.949,1.288,2.107,4.682,5.852,1.17,3.043,5.501,3.746,2.926,11.471,6.438,7.257,1.873,3.394,6.878,6.624
2,4.099,1.991,3.748,3.162,2.694,9.954,1.171,2.108,4.802,5.738,1.054,3.045,5.504,3.865,2.811,11.243,6.91,7.144,1.874,3.63,6.871,6.584
2,4.262,2.013,3.788,3.196,2.96,8.879,1.421,2.013,4.972,5.919,1.184,3.078,5.564,3.552,2.96,11.365,6.511,7.577,1.894,3.196,7.007,6.691
2,5.407,1.983,4.146,2.523,3.425,10.815,0.721,2.523,4.146,5.948,1.081,1.622,3.785,5.047,3.425,13.338,6.669,5.227,1.442,3.425,6.761,6.539
2,4.264,2.013,3.79,3.198,2.961,8.883,1.421,2.013,4.974,5.922,1.184,3.079,5.566,3.553,2.961,11.37,6.514,7.58,1.895,3.198,6.989,6.673
2,5.315,1.993,4.319,2.99,2.99,12.624,0.332,4.651,1.661,6.312,0.997,2.326,3.654,3.654,5.648,9.967,4.983,4.651,1.993,4.319,7.485,7.135
2,5.033,1.582,4.314,8.197,2.876,3.451,1.582,4.026,8.772,9.635,2.301,3.02,3.02,6.471,2.876,5.608,4.602,4.889,0.575,2.732,7.336,7.102
2,6.48,1.254,4.807,5.853,1.045,6.689,3.762,4.389,4.389,6.271,2.508,3.344,6.689,5.435,2.717,8.779,5.017,4.389,0.627,1.463,7.072,7.02
2,5.662,1.416,4.247,2.831,4.955,7.786,0,2.123,4.247,6.37,2.123,2.831,2.831,2.123,4.247,10.617,7.078,6.37,2.123,5.662,7.456,6.899
2,3.493,1.397,2.794,4.89,3.493,7.684,0.699,2.794,6.287,5.589,1.397,2.794,4.191,4.191,1.397,9.081,9.78,4.191,3.493,6.287,7.219,6.858
2,4.04,1.616,2.424,4.848,4.04,8.08,0.808,6.464,4.848,4.848,0.808,3.232,4.848,4.04,2.424,12.12,7.272,2.424,1.616,5.656,7.216,6.326
2,6.318,2.106,2.808,4.212,2.808,10.531,0.702,2.808,5.616,4.914,1.404,2.106,2.106,4.914,1.404,11.233,7.021,3.51,2.808,7.021,7.338,6.31
2,4.963,1.418,5.672,4.963,3.545,7.799,2.127,4.254,3.545,7.09,0.709,2.127,2.836,3.545,3.545,9.218,4.963,4.963,2.836,4.254,8.177,7.447
2,7.108,2.132,2.843,2.843,2.843,7.818,1.422,2.132,4.975,5.686,1.422,2.132,2.843,5.686,2.132,9.951,7.108,6.397,2.132,7.108,7.233,6.054
2,3.894,0.421,2.947,6.21,2.842,6.946,1.158,5.999,5.157,7.788,2.947,4.736,3.368,3.578,5.789,7.157,5.473,5.262,1.263,2.21,7.48,7.374
2,4.805,1.092,4.15,4.696,3.495,6.116,1.638,5.352,5.461,7.208,3.276,5.461,3.276,3.276,5.57,5.788,6.553,3.713,0.983,2.84,7.697,7.553
2,4.678,1.369,3.88,8.786,4.678,4.564,2.168,5.705,6.504,6.732,2.853,5.021,2.853,2.739,4.108,6.048,3.994,3.309,1.483,2.739,8.043,7.744
2,12.018,4.144,4.558,7.874,2.072,4.558,2.072,2.901,1.658,4.558,2.072,1.243,6.216,4.558,6.63,1.658,7.874,4.558,1.243,1.243,8.296,7.994
2,11.03,2.005,6.819,5.415,2.005,6.417,4.412,1.203,2.005,5.014,1.203,1.003,7.22,3.409,5.415,3.409,7.22,5.214,2.607,1.404,7.782,7.789
2,15.365,1.823,6.771,6.25,1.042,4.948,2.083,3.386,1.563,6.771,1.563,1.563,5.209,4.688,7.292,2.344,3.646,5.209,1.563,1.042,8.203,7.679
2,5.702,1.629,0.815,3.258,2.444,8.96,1.629,6.516,3.258,5.702,1.629,1.629,4.887,4.887,2.444,14.662,8.96,2.444,0.815,5.702,6.153,5.876
2,7.058,1.568,3.921,4.705,2.353,7.842,0.784,3.921,3.921,7.058,0.784,4.705,4.705,7.058,1.568,10.195,5.49,3.137,0.784,5.49,6.606,6.346
2,6.26,1.391,4.869,3.478,2.782,6.956,1.391,2.782,4.869,5.565,0.696,4.174,3.478,5.565,2.087,7.652,9.043,4.174,2.087,6.956,7.301,6.445
2,4.281,3.425,4.281,4.496,3.853,8.135,1.284,4.924,3.853,4.067,1.927,4.924,3.853,1.927,4.067,8.563,5.138,6.636,2.569,2.355,7.811,7.629
2,8.474,2.118,2.118,3.178,4.237,7.414,1.059,6.355,3.178,5.296,2.118,6.355,6.355,3.178,4.237,7.414,4.237,4.237,1.059,2.118,7.866,7.396
2,4.95,2.25,3.75,5.25,2.85,6.15,2.25,5.55,6.15,6.9,1.05,6.3,3.15,2.25,2.7,6.9,5.55,5.4,1.5,4.05,7.595,7.501
2,6.587,2.342,4.245,4.099,2.196,7.612,2.049,5.123,5.709,8.343,1.903,4.83,3.952,2.342,2.781,6.148,6.733,5.27,0.878,2.342,7.334,7.182
2,4.603,2.673,4.454,4.157,3.563,6.087,1.633,7.424,5.345,6.533,1.188,6.978,3.118,3.563,4.157,5.79,4.603,3.712,1.633,2.821,8.234,7.731
2,14.044,3.053,4.885,3.664,1.221,7.327,1.832,1.221,2.442,8.548,1.221,1.832,7.938,1.832,5.495,4.885,6.716,3.664,1.832,1.221,7.549,7.579
2,7.038,2.815,3.284,4.223,2.346,13.137,7.038,0.938,0,4.692,0.938,0,7.038,4.223,6.099,3.753,7.038,6.568,2.346,0.938,7.681,7.868
2,16.364,3.507,8.572,5.065,0.39,3.117,3.507,1.558,1.948,7.792,0.779,0.39,4.675,4.286,8.572,3.117,5.455,2.727,0.39,1.169,8.862,7.76
2,11.923,2.236,5.216,4.844,1.863,6.707,2.236,0.745,1.118,4.844,0.745,2.236,11.55,2.981,7.079,4.844,6.334,4.471,1.863,0.373,7.839,7.955
2,12.949,1.295,8.417,7.122,0.647,3.885,1.295,5.827,1.942,9.065,2.59,0.647,6.475,3.237,7.77,1.295,2.59,5.18,0,1.942,7.731,8.097
2,8,3.2,6.4,3.733,1.067,8.533,2.133,3.2,0.533,8.533,0.533,0,10.133,3.2,4.8,4.267,9.067,4.8,1.067,2.133,7.195,7.471
2,14.496,1.75,5.249,3.999,0.75,9.498,2.249,1,0.25,6.748,1.25,1.5,8.998,2.499,7.248,2.499,7.498,4.749,0.5,1.75,7.571,7.95
2,7.367,3.4,6.8,6.8,1.133,7.934,3.967,1.7,0,6.234,1.133,1.7,7.934,2.834,6.234,5.1,2.267,7.367,0.567,2.834,8.055,8.639
2,8.602,7.168,6.093,5.018,2.509,7.168,3.943,0.717,1.792,6.452,0.717,2.151,7.168,2.151,4.301,3.943,6.093,6.81,0,1.075,7.979,8.151
2,7.072,2.176,1.632,7.616,4.896,9.248,0,2.72,5.44,5.44,1.088,5.44,3.808,8.16,2.72,3.808,5.984,4.896,1.088,1.632,7.702,7.432
2,5.676,2.27,3.935,2.876,5.373,5.752,1.135,4.919,3.708,6.735,0.757,6.206,4.162,4.389,2.876,6.66,7.038,6.433,0.681,3.708,7.235,7.476
2,5.635,4.552,4.985,4.118,2.384,7.369,0.433,4.985,4.335,6.069,2.167,3.901,4.118,1.517,4.768,6.936,8.236,4.118,1.3,1.951,8.098,8.023
2,6.251,2.778,4.167,2.778,2.778,13.196,0,2.084,4.167,4.862,0.695,1.389,1.389,5.556,4.862,7.64,6.251,7.64,1.389,5.556,7.591,6.982
2,4.432,1.161,3.377,6.86,3.483,6.543,0.633,5.91,6.86,8.337,3.272,3.905,3.061,3.694,5.488,5.382,4.221,4.221,1.372,2.005,7.812,7.971
2,5.703,1.864,4.497,4.826,3.839,6.91,1.316,5.593,6.361,6.8,3.839,5.484,3.948,2.194,4.168,5.045,5.374,3.51,0.658,2.742,7.762,7.568
2,3.94,1.351,4.053,7.655,3.49,5.854,1.801,4.616,6.53,7.655,3.265,4.165,2.927,3.265,3.603,6.304,4.391,5.066,1.576,3.04,7.686,7.768
2,8.447,1.207,3.821,5.028,2.011,5.43,1.609,7.442,4.827,10.056,1.006,4.626,4.224,4.224,2.212,5.43,5.43,6.436,1.408,1.207,6.76,7.159
2,2.586,3.879,5.388,3.448,2.586,8.19,1.724,5.819,2.802,3.233,1.078,6.034,3.448,2.586,5.172,9.483,5.172,5.819,2.802,2.371,8.38,8
2,1.657,1.657,5.799,6.628,4.142,2.485,3.314,4.142,6.628,5.799,1.657,4.142,4.142,2.485,4.142,7.456,4.142,5.799,1.657,4.971,9.107,8.045
2,6.995,1.216,5.778,6.995,2.433,6.387,3.345,2.129,3.041,5.17,2.129,0.912,3.954,5.17,6.995,4.258,6.387,3.954,2.433,3.954,8.197,8.171
2,5.37,3.652,5.155,4.726,2.363,8.377,2.578,5.585,5.155,5.155,2.363,2.578,3.652,1.289,4.726,5.585,6.015,3.652,1.933,3.652,8.316,8.125
2,3.472,1.543,8.102,3.472,3.472,6.173,1.929,5.787,6.173,8.102,2.315,3.087,3.472,1.157,4.63,4.244,4.244,7.716,0,4.244,8.083,8.58
2,3.945,0,6.176,4.803,2.23,8.577,2.916,4.975,6.519,5.318,2.059,4.975,3.602,2.916,4.117,5.661,5.489,4.975,1.544,3.774,7.554,7.875
2,5.44,0,5.934,6.923,2.473,6.923,2.473,3.462,4.945,6.429,2.473,7.418,2.473,2.967,3.956,4.945,7.418,5.44,0.989,1.978,7.307,7.637
2,5.923,0,4.936,8.885,0.987,5.43,1.974,5.923,8.885,6.417,1.481,7.898,1.481,2.468,2.468,4.936,7.898,5.43,0.494,1.481,7.084,7.524
2,4.622,2.236,3.877,5.815,2.684,5.815,2.087,5.666,5.815,7.455,2.087,7.157,2.833,2.833,3.429,6.411,4.026,4.771,1.491,3.578,7.608,7.705
2,4.182,2.281,4.182,3.612,2.281,4.753,2.091,2.852,5.893,5.893,1.901,3.802,6.273,2.852,2.471,9.315,7.604,8.555,1.711,3.802,7.036,6.658
2,7.242,1.317,4.279,3.621,1.317,10.534,3.292,2.633,3.292,5.267,1.646,3.292,2.963,5.267,3.95,10.863,4.608,5.267,1.975,3.95,6.903,6.523
2,3.154,2.184,4.61,5.095,2.184,6.065,1.941,3.397,5.823,5.338,1.941,4.367,6.308,3.154,3.639,8.006,5.823,7.764,1.698,3.154,7.224,7.131
2,5.029,0.559,3.911,5.811,2.682,5.364,1.118,5.588,4.917,6.929,3.688,3.464,3.129,3.911,6.929,6.035,5.811,7.04,1.118,1.788,7.486,7.694
2,4.54,1.862,4.423,8.963,4.191,4.191,1.63,5.704,6.169,7.217,3.027,3.725,3.841,2.095,4.889,5.471,4.191,3.609,1.397,2.212,8.454,8.201
2,0,0,6.853,4.112,2.741,5.482,1.371,2.741,2.741,9.594,10.965,4.112,0,4.112,6.853,13.706,4.112,2.741,0,2.741,7.318,7.706
2,3.846,1.154,4.616,6.539,3.462,5.769,0.769,5.769,3.846,9.616,3.077,4.616,3.846,2.692,6.539,5.769,4.616,5,1.923,0.769,7.843,7.923
2,2.892,3.434,3.434,3.615,3.253,8.133,1.084,8.133,3.434,3.253,1.265,7.772,3.976,2.711,3.072,9.76,4.88,5.241,2.892,2.53,7.931,7.305
2,2.611,2.611,5.222,9.574,3.481,4.352,1.741,6.963,2.611,7.833,1.741,1.741,3.481,3.481,6.093,6.963,4.352,5.222,1.741,2.611,7.78,7.794
2,8.519,1.022,1.704,5.793,2.385,5.452,2.045,3.408,4.43,8.86,4.771,4.089,2.726,4.771,5.793,6.134,7.156,4.771,0.341,1.704,6.8,7.329
2,3.391,1.356,3.391,2.035,2.713,8.139,1.356,2.713,2.713,6.782,0,2.035,6.104,4.748,3.391,11.53,6.782,6.782,2.713,7.461,7.186,6.678
2,7.061,1.412,3.53,1.412,3.53,10.591,1.412,3.53,2.118,6.355,0.706,1.412,3.53,6.355,3.53,10.591,6.355,6.355,2.824,3.53,6.899,6.96
2,6.349,1.411,3.527,2.822,1.411,10.581,0.705,4.232,4.232,4.938,2.116,1.411,2.116,6.349,4.232,9.17,7.054,6.349,2.116,4.938,7.173,6.766
2,4.917,2.384,4.172,5.364,3.427,7.599,1.639,6.705,4.619,6.407,1.937,5.662,2.682,4.023,4.172,5.96,5.066,4.47,1.341,2.384,7.557,7.516
2,4.32,2.383,4.767,4.469,2.83,6.852,1.937,7.299,4.171,6.703,0.894,6.108,2.681,3.724,4.171,6.554,5.661,5.065,1.49,2.532,7.817,7.571
2,3.722,2.531,4.318,4.914,2.531,7.296,1.936,6.7,4.318,6.849,1.34,6.849,2.531,1.936,4.169,6.551,5.807,4.765,1.787,3.425,7.782,7.943
2,2.558,3.411,4.263,7.674,1.705,6.821,0.853,6.821,3.411,11.937,0.853,5.116,4.263,1.705,1.705,5.968,5.968,6.821,0.853,3.411,7,6.884
2,4.144,5.18,4.144,6.216,4.144,6.216,1.036,9.324,4.144,7.252,2.072,6.216,2.072,1.036,0,8.288,6.216,6.216,1.036,1.036,6.907,7.106
2,4.712,2.432,3.344,5.472,2.888,7.751,2.28,5.928,3.952,6.688,2.128,6.08,2.128,3.952,3.648,6.232,6.688,4.864,1.52,2.584,7.455,7.28
2,5.007,2.276,3.945,5.158,2.427,6.676,2.276,5.614,4.855,7.282,1.821,6.979,2.579,3.034,3.338,5.614,6.22,4.703,1.517,3.641,7.558,7.481
2,5.211,2.382,4.317,6.402,2.68,6.402,1.638,6.402,5.36,6.253,1.935,6.848,2.829,2.531,3.871,5.36,5.062,3.871,1.191,3.722,7.895,7.842
2,4.787,2.244,3.889,5.684,2.543,6.881,1.346,5.983,5.086,6.731,1.496,6.432,2.842,2.992,3.291,6.282,5.235,5.385,1.945,3.739,7.453,7.735
2,6.504,1.445,3.613,2.89,2.168,7.226,1.445,2.89,6.504,3.613,2.168,0.723,1.445,5.058,2.89,10.839,7.226,7.949,2.89,6.504,7.248,6.76
3,5.843,1.299,3.571,3.896,2.272,8.116,0.325,2.597,3.896,5.519,0.974,2.597,4.87,5.843,4.87,9.414,7.467,5.843,1.948,4.22,7.436,7.185
3,5.183,1.152,4.607,4.032,5.759,7.487,0.576,3.456,1.728,9.791,1.728,0.576,6.911,4.607,4.032,9.215,6.335,4.032,1.728,3.456,6.819,6.79
3,9.404,1.447,2.894,2.894,2.894,8.681,0,1.447,4.34,5.787,2.17,0,3.617,5.787,5.064,8.681,4.34,8.681,2.894,3.617,7.809,7.553
3,3.42,1.368,4.104,2.052,1.368,7.524,1.368,6.156,4.104,5.472,1.368,2.052,4.788,4.788,4.104,11.628,7.524,4.788,2.736,5.472,7.161,6.653
3,5.738,1.434,2.152,2.152,3.586,9.324,0.717,2.869,2.869,7.889,0,2.152,2.869,4.303,2.869,13.627,7.889,7.889,2.869,4.303,6.357,6.142
3,6.735,1.684,2.806,2.806,4.49,10.663,0,1.684,3.929,7.857,2.245,2.245,2.806,3.929,3.367,10.102,4.49,7.857,2.806,3.929,7.101,6.469
3,6.371,1.593,1.593,3.982,3.982,6.371,0.796,3.982,0.796,6.371,0,1.593,7.168,7.964,4.778,10.353,7.168,4.778,1.593,4.778,7.114,6.874
3,2.265,1.51,4.53,2.265,3.02,9.06,0.755,3.775,3.02,5.285,1.51,2.265,6.04,5.285,5.285,11.325,5.285,7.55,1.51,3.775,7.16,7.528
3,4.798,1.371,4.798,3.427,2.742,8.225,0.685,3.427,4.113,4.798,2.056,2.056,5.483,4.798,3.427,8.911,7.54,6.854,2.056,4.798,6.56,7.076
3,5.017,1.433,2.867,2.15,4.3,8.6,2.15,2.15,4.3,7.167,1.433,2.867,2.15,6.45,5.733,11.467,4.3,6.45,2.15,2.867,7.367,6.633
3,5.459,1.365,2.729,2.729,2.729,10.235,0.682,2.729,2.729,6.824,1.365,3.412,3.412,3.412,6.141,11.6,4.094,4.094,2.729,6.141,8.14,7.248
3,6.186,1.375,4.812,2.75,2.75,8.249,0.687,2.75,3.437,4.124,0.687,1.375,2.75,5.499,4.812,7.561,6.186,7.561,3.437,7.561,7.915,7.537
3,7.071,1.571,3.143,1.571,4.714,10.214,1.571,3.143,2.357,3.929,0.786,3.143,2.357,3.929,4.714,7.071,11.786,7.857,2.357,3.143,7.013,6.558
3,6.108,1.357,5.429,2.036,3.393,8.823,0.679,3.393,3.393,6.108,1.357,2.715,1.357,3.393,5.429,9.501,6.108,6.787,2.715,4.751,8.039,7.126
3,4.17,1.39,4.17,2.085,2.78,7.646,0.695,3.475,2.78,5.56,0,4.17,4.865,3.475,5.56,8.341,8.341,7.646,2.78,5.56,7.387,7.121
3,5.274,2.637,3.956,1.319,2.637,7.252,1.319,1.319,3.297,3.297,2.637,3.297,2.637,5.934,2.637,9.23,9.89,8.571,1.978,7.252,6.892,6.739
3,4.019,1.34,5.359,5.359,2.679,8.708,0.67,2.679,5.359,6.028,2.009,0,2.009,4.689,4.019,6.698,10.717,8.708,2.009,2.679,7.366,6.897
3,8.586,1.431,2.146,2.862,2.862,8.586,1.431,3.577,2.862,5.724,2.146,0.715,2.862,5.724,3.577,7.87,7.87,8.586,2.146,5.008,6.731,6.697
3,7.454,1.491,3.727,5.218,3.727,6.709,0.745,2.982,4.473,3.727,2.236,3.727,2.236,4.473,2.982,5.218,7.454,8.2,4.473,3.727,7.68,7.339
3,5.783,1.446,2.892,3.615,2.169,7.952,0.723,2.169,2.892,3.615,2.892,2.892,2.169,4.337,5.783,6.506,9.398,7.952,3.615,5.783,7.818,7.601
3,5.611,1.403,4.909,1.403,4.208,8.416,0,2.805,2.104,7.014,1.403,2.104,2.104,6.312,6.312,9.819,5.611,6.312,3.507,3.507,7.953,7.184
3,3.527,1.411,2.116,3.527,2.116,7.054,0.705,2.822,3.527,7.054,1.411,2.116,2.822,2.822,4.938,11.287,7.054,11.287,2.822,5.643,7.427,6.51
3,4.924,1.407,4.924,1.407,2.814,9.848,0.703,3.517,2.814,4.924,1.407,1.407,2.814,6.331,7.034,7.737,7.034,7.737,2.814,2.814,7.768,7.825
3,5.394,1.349,4.046,2.697,0.674,4.046,0.674,3.371,4.72,8.091,2.023,2.023,4.72,3.371,3.371,9.44,10.114,10.114,2.023,4.046,7.122,6.569
3,4.126,1.375,3.438,4.126,2.75,11.002,1.375,4.126,3.438,7.564,1.375,2.063,2.75,2.75,4.813,8.939,5.501,7.564,3.438,2.75,7.46,7.278
3,5.366,2.683,2.683,4.025,1.342,7.379,0,2.683,2.683,5.366,2.012,4.696,4.025,4.696,6.037,8.72,7.379,6.708,2.683,4.025,7.381,7.428
3,4.428,1.476,1.476,2.214,0.738,8.117,1.476,3.69,2.214,8.117,0,4.428,3.69,5.903,3.69,13.283,7.379,8.117,3.69,2.952,6.937,5.987
3,3.347,1.339,5.355,2.008,3.347,6.694,1.339,2.008,4.686,9.372,2.008,1.339,6.025,4.016,2.678,5.355,12.719,6.694,2.678,3.347,6.727,6.92
3,5.375,1.344,2.687,4.703,2.016,8.734,0,3.359,4.031,6.047,2.016,0,4.031,4.031,4.031,11.422,6.047,6.719,2.687,6.047,7.592,7.081
3,8.497,1.416,3.54,3.54,2.124,8.497,0.708,4.249,2.832,4.249,0.708,1.416,2.832,5.665,4.957,10.621,7.081,6.373,2.124,4.249,7.158,7.163
3,6.662,1.998,4.663,2.665,3.331,8.66,0,3.331,2.665,5.329,1.998,2.665,1.998,5.329,6.662,5.995,7.328,5.995,3.331,3.331,8.606,7.458
3,5.837,2.189,5.107,4.378,2.189,8.755,0.73,2.918,3.648,5.837,2.189,1.459,2.189,2.918,5.837,7.296,8.026,5.837,2.918,3.648,8.349,7.746
3,5.322,1.33,5.322,1.996,5.322,9.313,0,1.33,2.661,7.317,1.33,1.996,2.661,4.657,5.987,9.978,5.987,7.983,1.996,2.661,7.827,7.025
3,4.967,2.129,2.838,1.419,2.838,9.933,0.71,2.838,2.838,5.676,2.838,4.967,1.419,3.548,6.386,9.224,5.676,7.095,2.129,5.676,7.819,7.039
3,4.982,1.423,2.847,2.847,2.847,9.252,0.712,2.847,4.27,4.982,1.423,1.423,4.27,4.982,4.982,6.405,7.828,9.252,2.135,5.693,7.504,7.095
3,3.415,2.732,3.415,1.366,1.366,10.246,2.049,3.415,4.781,5.464,0.683,2.049,4.781,2.732,2.732,12.978,6.147,6.147,3.415,6.147,7.174,6.762
3,4.201,1.4,3.501,2.1,3.501,8.401,0.7,2.1,2.8,7.001,1.4,2.1,4.201,4.901,4.201,9.101,9.802,7.701,3.501,3.501,7.181,6.705
3,4.066,1.355,5.421,2.033,2.033,10.165,0.678,2.711,4.066,6.099,2.711,2.033,2.711,4.744,2.711,8.809,6.099,6.776,3.388,6.776,7.521,7.095
3,4.286,1.429,5.001,1.429,2.858,7.144,0,2.143,2.858,10.716,0.714,2.143,5.001,4.286,6.43,4.286,12.145,7.858,2.858,1.429,7.625,7.36
3,5.873,2.202,3.67,3.67,2.202,8.075,1.468,1.468,3.67,2.936,2.202,1.468,4.404,5.139,2.936,9.543,8.075,6.607,3.67,5.873,7.866,6.982
3,4.171,1.668,2.503,3.337,5.839,9.176,1.668,3.337,2.503,8.342,0.834,0,6.674,7.508,5.839,10.845,4.171,3.337,0.834,2.503,7.741,7.171
3,4.918,2.459,2.459,3.279,3.279,8.197,2.459,2.459,3.279,7.377,0,2.459,5.738,7.377,4.099,8.197,5.738,4.099,1.639,6.558,7.31,6.621
3,5.096,1.699,3.397,3.397,3.397,6.794,0,4.247,3.397,6.794,0,3.397,5.096,5.945,5.096,8.493,9.342,4.247,1.699,4.247,7.238,6.982
3,7.72,1.716,6.862,4.289,5.147,6.862,0.858,6.862,2.573,3.431,1.716,4.289,6.005,5.147,2.573,7.72,5.147,1.716,1.716,3.431,7.449,6.77
3,5.889,1.472,3.681,4.417,3.681,10.306,1.472,4.417,3.681,3.681,2.208,0.736,2.208,2.945,5.889,6.625,8.834,5.153,2.945,4.417,7.888,7.453
3,2.965,2.965,3.706,0.741,2.224,11.119,2.965,3.706,4.448,7.413,0,3.706,2.965,2.965,2.965,10.378,5.93,6.671,4.448,2.965,7.664,7.089
3,7.032,1.563,3.126,2.344,3.907,10.158,1.563,3.907,3.126,5.47,1.563,1.563,1.563,3.126,5.47,10.158,6.251,7.814,2.344,3.126,7.502,7.327
3,7.293,1.459,3.646,3.646,5.105,8.751,0,1.459,3.646,4.376,1.459,5.105,1.459,2.188,3.646,6.563,8.022,5.834,3.646,7.293,8.049,7.356
3,5.471,1.563,3.908,0.782,3.908,7.815,0,1.563,2.345,9.378,2.345,2.345,7.034,3.126,4.689,7.034,12.504,4.689,2.345,3.126,7.217,6.815
3,6.759,0.751,3.004,3.004,3.004,6.759,3.755,1.502,3.004,4.506,3.755,3.004,3.004,3.755,6.759,6.759,9.763,5.257,3.004,3.755,8.078,7.055
3,3.874,1.55,3.874,1.55,3.1,9.299,2.325,1.55,2.325,6.974,1.55,3.874,2.325,3.1,6.199,9.299,4.649,8.524,3.1,5.424,8.031,7.506
3,4.547,1.516,3.789,1.516,2.273,7.578,0,2.273,2.273,9.852,0,3.789,6.82,3.789,4.547,6.063,11.367,6.82,4.547,2.273,6.988,7.377
3,3.728,1.491,1.491,2.237,2.982,7.456,0,3.728,2.237,5.965,1.491,3.728,5.219,3.728,4.473,12.675,10.438,5.219,2.982,5.219,6.757,6.757
3,5.384,1.538,3.076,3.076,3.846,8.46,1.538,1.538,3.846,4.615,2.307,1.538,3.846,3.846,4.615,9.999,9.229,5.384,3.076,4.615,7.442,7.186
3,7.37,1.474,3.685,2.948,5.896,8.844,0.737,1.474,1.474,3.685,2.211,5.159,2.211,3.685,5.896,7.37,7.37,6.633,2.211,3.685,8.352,7.629
3,4.991,1.426,3.565,2.139,3.565,7.13,0,4.278,2.139,9.268,1.426,2.139,4.278,2.139,6.417,8.555,11.407,5.704,2.139,2.852,7.553,6.893
3,2.244,1.496,3.741,2.992,2.992,8.977,0,4.489,2.992,4.489,0,3.741,5.985,3.741,4.489,11.222,5.985,5.237,3.741,5.985,7.81,7.655
3,6.099,1.525,4.575,4.575,0.762,7.624,0.762,4.575,3.812,4.575,2.287,0,6.099,3.05,3.812,9.912,4.575,3.812,4.575,7.624,8.16,7.21
3,6.826,1.517,3.792,2.275,3.792,7.585,1.517,2.275,3.792,4.551,0.758,4.551,3.034,4.551,2.275,9.86,8.343,5.309,3.034,6.068,7.452,6.842
3,6.163,1.541,3.852,3.852,2.311,10.014,0.77,3.081,3.081,4.622,2.311,5.392,3.081,3.081,2.311,8.474,6.933,4.622,3.852,6.163,7.101,7.393
3,5.088,1.454,3.634,2.18,0.727,6.541,0,4.361,2.18,5.814,0.727,5.088,3.634,3.634,3.634,12.356,7.995,6.541,4.361,5.814,6.935,7.302
3,5.564,1.59,3.974,3.179,1.59,10.332,0,1.59,4.769,6.358,2.384,3.179,1.59,2.384,5.564,8.743,7.153,6.358,3.179,4.769,8.033,7.719
3,5.569,0.696,4.873,2.088,3.481,9.745,0,2.088,4.873,6.961,2.784,2.088,2.784,2.088,4.873,8.353,8.353,4.873,3.481,4.873,8.001,7.074
3,5.855,2.927,5.123,1.464,2.196,10.978,0.732,2.196,2.927,5.855,2.196,2.196,4.391,2.927,5.855,8.782,3.659,4.391,2.927,5.855,8.394,8.177
3,4.247,2.831,4.247,4.955,6.37,7.786,1.416,1.416,2.831,4.955,1.416,2.123,2.123,3.539,5.663,11.325,7.078,4.955,1.416,3.539,8.271,7.499
3,6.13,2.043,3.405,3.405,2.043,10.216,0.681,3.405,1.362,2.724,2.724,0.681,3.405,2.724,8.173,10.897,4.768,6.811,2.043,6.811,8.344,7.201
3,6.472,1.438,4.314,2.876,4.314,11.505,0.719,2.157,4.314,5.034,1.438,0.719,4.314,2.876,5.753,10.786,5.753,2.876,2.157,5.034,7.867,7.281
3,8.935,1.489,3.723,3.723,5.212,8.19,0.745,4.467,5.212,2.978,2.234,2.234,2.234,3.723,2.978,11.913,5.212,3.723,2.234,4.467,7.28,7.094
3,7.04,1.408,4.224,2.112,4.928,9.151,0.704,2.112,4.224,6.336,0.704,3.52,4.224,2.816,4.224,9.151,3.52,3.52,2.112,8.447,7.755,7.77
3,6.506,1.446,4.337,0.723,2.891,10.843,2.169,3.614,2.169,7.228,0.723,2.891,2.891,3.614,6.506,7.951,4.337,7.951,2.169,3.614,8.23,7.197
